0	0	1.0
1	0	1.0
2	1126	1.0
3	1126	1.0
4	1126	1.0
5	1126	1.0
6	1126	1.0
7	1126	1.0
8	5014	1.0
9	5014	1.0
10	1126	1.0
11	1126	1.0
12	1126	1.0
13	5014	1.0
14	5014	1.0
15	5014	1.0
16	13547	1.0
17	5014	1.0
18	5014	1.0
19	5014	1.0
20	5014	1.0
21	5014	1.0
22	5014	1.0
23	5014	1.0
24	5014	1.0
25	5014	1.0
26	19555	1.0
27	19555	1.0
28	19555	1.0
29	19555	1.0
30	19555	1.0
31	19555	1.0
32	1126	1.0
33	1126	1.0
34	1126	1.0
35	1126	1.0
36	0	1.0
37	5190	1.0
38	5190	1.0
39	1126	1.0
40	1126	1.0
41	1126	1.0
42	1126	1.0
43	20481	1.0
44	20481	1.0
45	20481	1.0
46	20481	1.0
47	1126	1.0
48	20481	1.0
49	1126	1.0
50	20481	1.0
51	20481	1.0
52	1126	1.0
53	20481	1.0
54	1126	1.0
55	1126	1.0
56	20481	1.0
57	1126	1.0
58	1126	1.0
59	1126	1.0
60	1126	1.0
61	1126	1.0
62	1126	1.0
63	1126	1.0
64	1126	1.0
65	1126	1.0
66	1126	1.0
67	1126	1.0
68	1126	1.0
69	1126	1.0
70	1126	1.0
71	0	1.0
72	13547	1.0
73	1126	1.0
74	13317	1.0
75	0	1.0
76	13317	1.0
77	13317	1.0
78	13547	1.0
79	1126	1.0
80	1126	1.0
81	13317	1.0
82	1126	1.0
83	1126	1.0
84	1126	1.0
85	1126	1.0
86	1126	1.0
87	23450	1.0
88	1126	1.0
89	23450	1.0
90	23450	1.0
91	23450	1.0
92	5014	1.0
93	1126	1.0
94	23450	1.0
95	23450	1.0
96	1126	1.0
97	1126	1.0
98	0	1.0
99	26989	1.0
100	1126	1.0
101	1126	1.0
102	1126	1.0
103	1126	1.0
104	1126	1.0
105	17594	1.0
106	1126	1.0
107	1126	1.0
108	1126	1.0
109	1126	1.0
110	1126	1.0
111	1126	1.0
112	1126	1.0
113	17594	1.0
114	1126	1.0
115	1126	1.0
116	1126	1.0
117	1126	1.0
118	5014	1.0
119	1199	1.0
120	1199	1.0
121	1199	1.0
122	5014	1.0
123	5014	1.0
124	5014	1.0
125	1199	1.0
126	1199	1.0
127	5014	1.0
128	1199	1.0
129	1199	1.0
130	1199	1.0
131	5014	1.0
132	5014	1.0
133	5014	1.0
134	5014	1.0
135	5014	1.0
136	5014	1.0
137	1126	1.0
138	5014	1.0
139	5014	1.0
140	5014	1.0
141	5014	1.0
142	1126	1.0
143	5014	1.0
144	5014	1.0
145	5014	1.0
146	5014	1.0
147	13575	1.0
148	13575	1.0
149	13575	1.0
150	0	1.0
151	0	1.0
152	13575	1.0
153	13575	1.0
154	0	1.0
155	5014	1.0
156	0	1.0
157	5014	1.0
158	0	1.0
159	5014	1.0
160	13575	1.0
161	5014	1.0
162	5014	1.0
163	5014	1.0
164	5014	1.0
165	13575	1.0
166	13575	1.0
167	5014	1.0
168	5014	1.0
169	5014	1.0
170	0	1.0
171	1126	1.0
172	1126	1.0
173	1126	1.0
174	1126	1.0
175	1126	1.0
176	1126	1.0
177	1126	1.0
178	1126	1.0
179	1126	1.0
180	1126	1.0
181	1126	1.0
182	1126	1.0
183	1126	1.0
184	1126	1.0
185	1126	1.0
186	1126	1.0
187	1126	1.0
188	1126	1.0
189	1126	1.0
190	1126	1.0
191	1126	1.0
192	1126	1.0
193	1126	1.0
194	1126	1.0
195	1126	1.0
196	16974	1.0
197	13547	1.0
198	13547	1.0
199	13547	1.0
200	13547	1.0
201	13547	1.0
202	13547	1.0
203	13547	1.0
204	0	1.0
205	0	1.0
206	0	1.0
207	0	1.0
208	1126	1.0
209	1126	1.0
210	1126	1.0
211	1126	1.0
212	1126	1.0
213	1126	1.0
214	1126	1.0
215	19555	1.0
216	1126	1.0
217	1126	1.0
218	1126	1.0
219	1126	1.0
220	1126	1.0
221	1126	1.0
222	1126	1.0
223	1126	1.0
224	1126	1.0
225	1126	1.0
226	13575	1.0
227	13547	1.0
228	1126	1.0
229	1126	1.0
230	13547	1.0
231	13547	1.0
232	13547	1.0
233	1126	1.0
234	13547	1.0
235	13547	1.0
236	13547	1.0
237	13575	1.0
238	13575	1.0
239	13575	1.0
240	13547	1.0
241	13575	1.0
242	13547	1.0
243	1126	1.0
244	1126	1.0
245	1126	1.0
246	1126	1.0
247	1126	1.0
248	1126	1.0
249	13547	1.0
250	5014	1.0
251	5014	1.0
252	5014	1.0
253	5014	1.0
254	5014	1.0
255	5014	1.0
256	5014	1.0
257	5014	1.0
258	5014	1.0
259	5014	1.0
260	13547	1.0
261	13547	1.0
262	13547	1.0
263	13575	1.0
264	1126	1.0
265	1126	1.0
266	1126	1.0
267	1126	1.0
268	1126	1.0
269	1126	1.0
270	1126	1.0
271	1126	1.0
272	1126	1.0
273	1126	1.0
274	1126	1.0
275	1126	1.0
276	1126	1.0
277	1126	1.0
278	1126	1.0
279	5014	1.0
280	1126	1.0
281	13547	1.0
282	1126	1.0
283	1126	1.0
284	1126	1.0
285	5014	1.0
286	1126	1.0
287	1126	1.0
288	23450	1.0
289	16742	1.0
290	13547	1.0
291	5190	1.0
292	1199	1.0
293	1126	1.0
294	5190	1.0
295	5014	1.0
296	13547	1.0
297	13547	1.0
298	1199	1.0
299	5014	1.0
300	5014	1.0
301	16742	1.0
302	5014	1.0
303	1126	1.0
304	1126	1.0
305	20481	1.0
306	1126	1.0
307	5014	1.0
308	5014	1.0
309	1126	1.0
310	1126	1.0
311	5014	1.0
312	14982	1.0
313	0	1.0
314	0	1.0
315	15896	1.0
316	15896	1.0
317	15896	1.0
318	0	1.0
319	1126	1.0
320	1126	1.0
321	1126	1.0
322	1126	1.0
323	1126	1.0
324	1126	1.0
325	1126	1.0
326	1126	1.0
327	1126	1.0
328	1126	1.0
329	1126	1.0
330	1126	1.0
331	1126	1.0
332	1126	1.0
333	1126	1.0
334	1126	1.0
335	1126	1.0
336	1126	1.0
337	5014	1.0
338	5014	1.0
339	1126	1.0
340	1126	1.0
341	1126	1.0
342	5014	1.0
343	5014	1.0
344	5014	1.0
345	5014	1.0
346	5014	1.0
347	5014	1.0
348	5014	1.0
349	5014	1.0
350	0	1.0
351	0	1.0
352	0	1.0
353	0	1.0
354	0	1.0
355	0	1.0
356	0	1.0
357	0	1.0
358	0	1.0
359	13547	1.0
360	13547	1.0
361	13547	1.0
362	0	1.0
363	0	1.0
364	0	1.0
365	0	1.0
366	0	1.0
367	0	1.0
368	1126	1.0
369	1126	1.0
370	1126	1.0
371	1126	1.0
372	1126	1.0
373	1126	1.0
374	1126	1.0
375	1126	1.0
376	1126	1.0
377	1126	1.0
378	1126	1.0
379	5014	1.0
380	1126	1.0
381	1126	1.0
382	23450	1.0
383	23450	1.0
384	23450	1.0
385	1126	1.0
386	23450	1.0
387	1126	1.0
388	1126	1.0
389	1126	1.0
390	23450	1.0
391	1126	1.0
392	1126	1.0
393	1126	1.0
394	1126	1.0
395	23450	1.0
396	1126	1.0
397	1126	1.0
398	1126	1.0
399	1126	1.0
400	13547	1.0
401	13547	1.0
402	13547	1.0
403	13547	1.0
404	13547	1.0
405	13547	1.0
406	13547	1.0
407	13317	1.0
408	13317	1.0
409	13317	1.0
410	13317	1.0
411	13575	1.0
412	13575	1.0
413	13578	1.0
414	13547	1.0
415	13547	1.0
416	13547	1.0
417	13547	1.0
418	13575	1.0
419	13547	1.0
420	13547	1.0
421	13547	1.0
422	13547	1.0
423	0	1.0
424	5014	1.0
425	5014	1.0
426	5014	1.0
427	5014	1.0
428	5014	1.0
429	5014	1.0
430	1126	1.0
431	0	1.0
432	5014	1.0
433	5014	1.0
434	5014	1.0
435	5014	1.0
436	5014	1.0
437	5014	1.0
438	5014	1.0
439	5014	1.0
440	5014	1.0
441	5014	1.0
442	1126	1.0
443	5014	1.0
444	1126	1.0
445	1126	1.0
446	1126	1.0
447	1126	1.0
448	1126	1.0
449	23556	1.0
450	23556	1.0
451	23556	1.0
452	1126	1.0
453	1126	1.0
454	5014	1.0
455	1126	1.0
456	1126	1.0
457	1126	1.0
458	1126	1.0
459	17594	1.0
460	1126	1.0
461	1126	1.0
462	1126	1.0
463	0	1.0
464	0	1.0
465	0	1.0
466	0	1.0
467	0	1.0
468	13547	1.0
469	6112	1.0
470	1126	1.0
471	1126	1.0
472	1126	1.0
473	0	1.0
474	0	1.0
475	0	1.0
476	1199	1.0
477	0	1.0
478	1199	1.0
479	0	1.0
480	0	1.0
481	1199	1.0
482	0	1.0
483	0	1.0
484	1126	1.0
485	16742	1.0
486	16742	1.0
487	16742	1.0
488	1126	1.0
489	1126	1.0
490	1126	1.0
491	1126	1.0
492	1126	1.0
493	1126	1.0
494	16742	1.0
495	16742	1.0
496	1126	1.0
497	1126	1.0
498	1126	1.0
499	1126	1.0
500	1126	1.0
501	1126	1.0
502	1126	1.0
503	13575	1.0
504	13575	1.0
505	13547	1.0
506	13575	1.0
507	1126	1.0
508	1126	1.0
509	1126	1.0
510	1126	1.0
511	1126	1.0
512	1126	1.0
513	1126	1.0
514	1126	1.0
515	1126	1.0
516	1126	1.0
517	1126	1.0
518	1126	1.0
519	1126	1.0
520	5014	1.0
521	1126	1.0
522	1126	1.0
523	1126	1.0
524	1126	1.0
525	1126	1.0
526	0	1.0
527	1126	1.0
528	1126	1.0
529	1126	1.0
530	1126	1.0
531	1126	1.0
532	1126	1.0
533	1126	1.0
534	1126	1.0
535	1126	1.0
536	1126	1.0
537	1126	1.0
538	1199	1.0
539	1199	1.0
540	1126	1.0
541	1126	1.0
542	1126	1.0
543	16974	1.0
544	13547	1.0
545	1199	1.0
546	1199	1.0
547	1126	1.0
548	1126	1.0
549	1126	1.0
550	1126	1.0
551	1126	1.0
552	1126	1.0
553	1126	1.0
554	5014	1.0
555	5014	1.0
556	5014	1.0
557	5014	1.0
558	5014	1.0
559	5014	1.0
560	13317	1.0
561	23450	1.0
562	13317	1.0
563	1199	1.0
564	1199	1.0
565	23450	1.0
566	1199	1.0
567	23450	1.0
568	23450	1.0
569	1126	1.0
570	1126	1.0
571	0	1.0
572	0	1.0
573	13526	1.0
574	1126	1.0
575	13526	1.0
576	13526	1.0
577	1126	1.0
578	1126	1.0
579	1126	1.0
580	13526	1.0
581	1126	1.0
582	1126	1.0
583	1126	1.0
584	13526	1.0
585	0	1.0
586	1126	1.0
587	1126	1.0
588	1126	1.0
589	1126	1.0
590	1126	1.0
591	1126	1.0
592	0	1.0
593	0	1.0
594	1126	1.0
595	1126	1.0
596	0	1.0
597	1199	1.0
598	1199	1.0
599	1126	1.0
600	1126	1.0
601	1126	1.0
602	0	1.0
603	20481	1.0
604	20481	1.0
605	1126	1.0
606	1126	1.0
607	1126	1.0
608	1126	1.0
609	1126	1.0
610	1126	1.0
611	1126	1.0
612	1126	1.0
613	1126	1.0
614	1126	1.0
615	1126	1.0
616	1126	1.0
617	1126	1.0
618	1126	1.0
619	1126	1.0
620	1126	1.0
621	1126	1.0
622	1126	1.0
623	1126	1.0
624	5014	1.0
625	0	1.0
626	0	1.0
627	9024	1.0
628	5014	1.0
629	5014	1.0
630	5014	1.0
631	5014	1.0
632	5014	1.0
633	5014	1.0
634	5014	1.0
635	5014	1.0
636	5014	1.0
637	5014	1.0
638	5014	1.0
639	5014	1.0
640	5014	1.0
641	5014	1.0
642	5014	1.0
643	24326	1.0
644	1126	1.0
645	1126	1.0
646	1126	1.0
647	1126	1.0
648	1126	1.0
649	20481	1.0
650	20481	1.0
651	23383	1.0
652	1126	1.0
653	20481	1.0
654	20481	1.0
655	20481	1.0
656	1126	1.0
657	1126	1.0
658	1126	1.0
659	20481	1.0
660	1126	1.0
661	1126	1.0
662	1126	1.0
663	1126	1.0
664	20481	1.0
665	1126	1.0
666	1126	1.0
667	1126	1.0
668	13575	1.0
669	1126	1.0
670	5014	1.0
671	1126	1.0
672	17594	1.0
673	17594	1.0
674	17594	1.0
675	17594	1.0
676	1126	1.0
677	5014	1.0
678	17594	1.0
679	1126	1.0
680	1126	1.0
681	17594	1.0
682	17594	1.0
683	1126	1.0
684	1126	1.0
685	13547	1.0
686	17594	1.0
687	13575	1.0
688	1126	1.0
689	5014	1.0
690	5014	1.0
691	1126	1.0
692	1126	1.0
693	5308	1.0
694	5308	1.0
695	1126	1.0
696	1126	1.0
697	5190	1.0
698	1126	1.0
699	1126	1.0
700	1126	1.0
701	5190	1.0
702	5308	1.0
703	5308	1.0
704	5308	1.0
705	5308	1.0
706	5308	1.0
707	5190	1.0
708	1629	1.0
709	1629	1.0
710	13526	1.0
711	13526	1.0
712	13526	1.0
713	1629	1.0
714	1629	1.0
715	1629	1.0
716	1629	1.0
717	5014	1.0
718	5014	1.0
719	5014	1.0
720	0	1.0
721	15896	1.0
722	13547	1.0
723	13547	1.0
724	13547	1.0
725	13547	1.0
726	13547	1.0
727	13547	1.0
728	13547	1.0
729	13547	1.0
730	13547	1.0
731	13547	1.0
732	13547	1.0
733	1126	1.0
734	1126	1.0
735	1126	1.0
736	1126	1.0
737	1126	1.0
738	1126	1.0
739	1126	1.0
740	1126	1.0
741	1126	1.0
742	1126	1.0
743	1126	1.0
744	5014	1.0
745	5014	1.0
746	5014	1.0
747	5014	1.0
748	5014	1.0
749	5014	1.0
750	5014	1.0
751	5014	1.0
752	5014	1.0
753	5014	1.0
754	5014	1.0
755	5014	1.0
756	5014	1.0
757	5014	1.0
758	5014	1.0
759	5014	1.0
760	5014	1.0
761	5014	1.0
762	5014	1.0
763	5014	1.0
764	5014	1.0
765	5014	1.0
766	5014	1.0
767	5014	1.0
768	5014	1.0
769	5014	1.0
770	5014	1.0
771	5014	1.0
772	5014	1.0
773	5014	1.0
774	1126	1.0
775	5014	1.0
776	5014	1.0
777	5014	1.0
778	5014	1.0
779	5014	1.0
780	1126	1.0
781	5014	1.0
782	5014	1.0
783	5014	1.0
784	5014	1.0
785	0	1.0
786	0	1.0
787	5014	1.0
788	5014	1.0
789	5014	1.0
790	5014	1.0
791	5014	1.0
792	5014	1.0
793	5014	1.0
794	5014	1.0
795	1126	1.0
796	5014	1.0
797	5014	1.0
798	1126	1.0
799	1126	1.0
800	1126	1.0
801	1126	1.0
802	1126	1.0
803	5190	1.0
804	5014	1.0
805	5014	1.0
806	5014	1.0
807	1126	1.0
808	1126	1.0
809	5014	1.0
810	5014	1.0
811	1126	1.0
812	1126	1.0
813	1126	1.0
814	1126	1.0
815	1126	1.0
816	1126	1.0
817	1126	1.0
818	1126	1.0
819	1126	1.0
820	1126	1.0
821	5014	1.0
822	5014	1.0
823	5014	1.0
824	5014	1.0
825	5014	1.0
826	1126	1.0
827	1126	1.0
828	5014	1.0
829	5014	1.0
830	5014	1.0
831	1126	1.0
832	1126	1.0
833	1126	1.0
834	1126	1.0
835	5014	1.0
836	1126	1.0
837	0	1.0
838	5014	1.0
839	1126	1.0
840	1126	1.0
841	1126	1.0
842	20481	1.0
843	20481	1.0
844	20481	1.0
845	20481	1.0
846	20481	1.0
847	20481	1.0
848	20481	1.0
849	20481	1.0
850	0	1.0
851	0	1.0
852	0	1.0
853	13547	1.0
854	13547	1.0
855	23451	1.0
856	23451	1.0
857	13547	1.0
858	13547	1.0
859	17552	1.0
860	17552	1.0
861	17552	1.0
862	5014	1.0
863	1199	1.0
864	1199	1.0
865	1199	1.0
866	1126	1.0
867	1126	1.0
868	1126	1.0
869	1126	1.0
870	1126	1.0
871	1126	1.0
872	1199	1.0
873	1199	1.0
874	1126	1.0
875	5014	1.0
876	1199	1.0
877	1126	1.0
878	1126	1.0
879	20481	1.0
880	1126	1.0
881	1126	1.0
882	1126	1.0
883	1126	1.0
884	1126	1.0
885	1126	1.0
886	1126	1.0
887	1126	1.0
888	1126	1.0
889	1126	1.0
890	1126	1.0
891	1126	1.0
892	1126	1.0
893	1126	1.0
894	1126	1.0
895	1126	1.0
896	1126	1.0
897	1126	1.0
898	1126	1.0
899	1126	1.0
900	1126	1.0
901	1126	1.0
902	1126	1.0
903	1126	1.0
904	1126	1.0
905	1126	1.0
906	1126	1.0
907	1126	1.0
908	1126	1.0
909	1126	1.0
910	1126	1.0
911	1126	1.0
912	0	1.0
913	13547	1.0
914	13547	1.0
915	13547	1.0
916	13547	1.0
917	13547	1.0
918	13547	1.0
919	5947	1.0
920	0	1.0
921	1126	1.0
922	0	1.0
923	0	1.0
924	1126	1.0
925	1126	1.0
926	1126	1.0
927	1126	1.0
928	1126	1.0
929	1126	1.0
930	1126	1.0
931	1126	1.0
932	1126	1.0
933	1126	1.0
934	1126	1.0
935	1126	1.0
936	1126	1.0
937	1126	1.0
938	5014	1.0
939	5014	1.0
940	5014	1.0
941	1126	1.0
942	1126	1.0
943	1126	1.0
944	1126	1.0
945	1126	1.0
946	1126	1.0
947	1126	1.0
948	1126	1.0
949	15896	1.0
950	15896	1.0
951	15896	1.0
952	1126	1.0
953	1126	1.0
954	1126	1.0
955	1126	1.0
956	1126	1.0
957	15896	1.0
958	1126	1.0
959	23451	1.0
960	23451	1.0
961	1126	1.0
962	1126	1.0
963	1126	1.0
964	1126	1.0
965	1126	1.0
966	23824	1.0
967	1126	1.0
968	1126	1.0
969	1126	1.0
970	1126	1.0
971	1126	1.0
972	1126	1.0
973	1126	1.0
974	1126	1.0
975	1126	1.0
976	5014	1.0
977	1126	1.0
978	1199	1.0
979	1199	1.0
980	1126	1.0
981	1126	1.0
982	1126	1.0
983	1199	1.0
984	1126	1.0
985	1126	1.0
986	1126	1.0
987	1126	1.0
988	1126	1.0
989	0	1.0
990	1126	1.0
991	1126	1.0
992	1126	1.0
993	1126	1.0
994	0	1.0
995	1126	1.0
996	1126	1.0
997	1126	1.0
998	1199	1.0
999	1126	1.0
1000	1126	1.0
1001	1126	1.0
1002	1126	1.0
1003	1126	1.0
1004	1126	1.0
1005	1126	1.0
1006	1126	1.0
1007	1126	1.0
1008	1126	1.0
1009	1126	1.0
1010	1126	1.0
1011	1126	1.0
1012	1126	1.0
1013	1126	1.0
1014	1126	1.0
1015	1126	1.0
1016	1126	1.0
1017	1126	1.0
1018	1126	1.0
1019	1126	1.0
1020	1126	1.0
1021	1126	1.0
1022	1126	1.0
1023	1126	1.0
1024	1126	1.0
1025	1126	1.0
1026	1126	1.0
1027	1126	1.0
1028	1126	1.0
1029	1126	1.0
1030	5014	1.0
1031	1126	1.0
1032	1126	1.0
1033	1126	1.0
1034	1126	1.0
1035	1126	1.0
1036	1126	1.0
1037	1126	1.0
1038	1126	1.0
1039	1126	1.0
1040	1126	1.0
1041	1126	1.0
1042	1126	1.0
1043	1126	1.0
1044	1126	1.0
1045	1126	1.0
1046	13547	1.0
1047	19555	1.0
1048	19555	1.0
1049	19555	1.0
1050	5014	1.0
1051	5014	1.0
1052	19555	1.0
1053	13547	1.0
1054	19555	1.0
1055	0	1.0
1056	5014	1.0
1057	13547	1.0
1058	5014	1.0
1059	0	1.0
1060	0	1.0
1061	0	1.0
1062	1126	1.0
1063	1126	1.0
1064	1126	1.0
1065	1126	1.0
1066	1126	1.0
1067	1126	1.0
1068	1126	1.0
1069	5014	1.0
1070	1126	1.0
1071	1126	1.0
1072	1126	1.0
1073	1126	1.0
1074	1126	1.0
1075	1126	1.0
1076	1126	1.0
1077	1126	1.0
1078	1126	1.0
1079	5014	1.0
1080	5014	1.0
1081	5014	1.0
1082	1126	1.0
1083	1126	1.0
1084	13547	1.0
1085	13547	1.0
1086	13547	1.0
1087	13547	1.0
1088	13547	1.0
1089	13547	1.0
1090	13547	1.0
1091	13547	1.0
1092	13547	1.0
1093	13547	1.0
1094	13547	1.0
1095	13547	1.0
1096	13547	1.0
1097	1126	1.0
1098	1126	1.0
1099	13547	1.0
1100	14984	1.0
1101	27140	1.0
1102	27140	1.0
1103	6112	1.0
1104	13547	1.0
1105	16974	1.0
1106	0	1.0
1107	0	1.0
1108	0	1.0
1109	0	1.0
1110	0	1.0
1111	1126	1.0
1112	1126	1.0
1113	1126	1.0
1114	1126	1.0
1115	1126	1.0
1116	1126	1.0
1117	1126	1.0
1118	1126	1.0
1119	15896	1.0
1120	15896	1.0
1121	15896	1.0
1122	15896	1.0
1123	15896	1.0
1124	15896	1.0
1125	15896	1.0
1126	15896	1.0
1127	15896	1.0
1128	15896	1.0
1129	15896	1.0
1130	15896	1.0
1131	15896	1.0
1132	15896	1.0
1133	15896	1.0
1134	15896	1.0
1135	15896	1.0
1136	15896	1.0
1137	0	1.0
1138	5014	1.0
1139	5014	1.0
1140	5014	1.0
1141	1126	1.0
1142	1126	1.0
1143	1126	1.0
1144	1126	1.0
1145	1199	1.0
1146	1199	1.0
1147	5014	1.0
1148	5014	1.0
1149	5014	1.0
1150	5014	1.0
1151	1199	1.0
1152	1126	1.0
1153	1126	1.0
1154	1126	1.0
1155	1126	1.0
1156	1126	1.0
1157	1126	1.0
1158	1126	1.0
1159	1126	1.0
1160	1126	1.0
1161	1126	1.0
1162	1126	1.0
1163	1126	1.0
1164	1126	1.0
1165	1126	1.0
1166	1126	1.0
1167	1126	1.0
1168	1126	1.0
1169	1126	1.0
1170	1126	1.0
1171	1126	1.0
1172	5014	1.0
1173	1126	1.0
1174	1126	1.0
1175	1126	1.0
1176	1126	1.0
1177	5014	1.0
1178	1126	1.0
1179	5014	1.0
1180	5014	1.0
1181	1126	1.0
1182	5014	1.0
1183	1126	1.0
1184	1126	1.0
1185	1126	1.0
1186	1126	1.0
1187	1126	1.0
1188	1126	1.0
1189	15896	1.0
1190	1126	1.0
1191	1126	1.0
1192	1126	1.0
1193	1126	1.0
1194	1126	1.0
1195	1126	1.0
1196	5014	1.0
1197	5014	1.0
1198	5014	1.0
1199	5014	1.0
1200	5014	1.0
1201	5014	1.0
1202	5014	1.0
1203	5014	1.0
1204	5014	1.0
1205	5014	1.0
1206	5014	1.0
1207	5014	1.0
1208	6112	1.0
1209	13575	1.0
1210	1126	1.0
1211	1126	1.0
1212	1126	1.0
1213	1126	1.0
1214	1126	1.0
1215	1126	1.0
1216	1126	1.0
1217	1126	1.0
1218	1126	1.0
1219	13575	1.0
1220	1126	1.0
1221	1126	1.0
1222	1126	1.0
1223	0	1.0
1224	1126	1.0
1225	13547	1.0
1226	1126	1.0
1227	0	1.0
1228	0	1.0
1229	1126	1.0
1230	1126	1.0
1231	0	1.0
1232	1126	1.0
1233	0	1.0
1234	1126	1.0
1235	17594	1.0
1236	0	1.0
1237	17594	1.0
1238	1126	1.0
1239	1126	1.0
1240	1126	1.0
1241	1126	1.0
1242	1126	1.0
1243	0	1.0
1244	1126	1.0
1245	1126	1.0
1246	1126	1.0
1247	1126	1.0
1248	1126	1.0
1249	1126	1.0
1250	1126	1.0
1251	1126	1.0
1252	17594	1.0
1253	1126	1.0
1254	17594	1.0
1255	17594	1.0
1256	17594	1.0
1257	1126	1.0
1258	1126	1.0
1259	1126	1.0
1260	1126	1.0
1261	1126	1.0
1262	0	1.0
1263	0	1.0
1264	1126	1.0
1265	1126	1.0
1266	1126	1.0
1267	1126	1.0
1268	1126	1.0
1269	1126	1.0
1270	1126	1.0
1271	1126	1.0
1272	23450	1.0
1273	23450	1.0
1274	23450	1.0
1275	23450	1.0
1276	23450	1.0
1277	23450	1.0
1278	23450	1.0
1279	23450	1.0
1280	23450	1.0
1281	23450	1.0
1282	23450	1.0
1283	23450	1.0
1284	23450	1.0
1285	23450	1.0
1286	23450	1.0
1287	23450	1.0
1288	0	1.0
1289	5014	1.0
1290	5014	1.0
1291	5014	1.0
1292	5014	1.0
1293	5014	1.0
1294	5014	1.0
1295	0	1.0
1296	5014	1.0
1297	5014	1.0
1298	5014	1.0
1299	5014	1.0
1300	5014	1.0
1301	1126	1.0
1302	1126	1.0
1303	0	1.0
1304	0	1.0
1305	0	1.0
1306	1126	1.0
1307	1126	1.0
1308	1126	1.0
1309	1126	1.0
1310	1126	1.0
1311	0	1.0
1312	1126	1.0
1313	5014	1.0
1314	20481	1.0
1315	20481	1.0
1316	1126	1.0
1317	20481	1.0
1318	20481	1.0
1319	1126	1.0
1320	1126	1.0
1321	5014	1.0
1322	20481	1.0
1323	20481	1.0
1324	20481	1.0
1325	20481	1.0
1326	20481	1.0
1327	20481	1.0
1328	20481	1.0
1329	20481	1.0
1330	20481	1.0
1331	20481	1.0
1332	20481	1.0
1333	20481	1.0
1334	20481	1.0
1335	1126	1.0
1336	1126	1.0
1337	1126	1.0
1338	1126	1.0
1339	1126	1.0
1340	1126	1.0
1341	1126	1.0
1342	0	1.0
1343	0	1.0
1344	1126	1.0
1345	1126	1.0
1346	1126	1.0
1347	5014	1.0
1348	5014	1.0
1349	5014	1.0
1350	5014	1.0
1351	5014	1.0
1352	5014	1.0
1353	5014	1.0
1354	1126	1.0
1355	11925	1.0
1356	0	1.0
1357	5014	1.0
1358	5014	1.0
1359	11925	1.0
1360	5014	1.0
1361	5014	1.0
1362	5014	1.0
1363	1126	1.0
1364	1126	1.0
1365	1126	1.0
1366	1126	1.0
1367	1126	1.0
1368	1126	1.0
1369	1126	1.0
1370	5014	1.0
1371	1126	1.0
1372	13547	1.0
1373	13547	1.0
1374	13547	1.0
1375	13547	1.0
1376	13547	1.0
1377	13547	1.0
1378	13547	1.0
1379	13547	1.0
1380	13547	1.0
1381	23824	1.0
1382	1126	1.0
1383	1126	1.0
1384	1126	1.0
1385	1126	1.0
1386	0	1.0
1387	15896	1.0
1388	15896	1.0
1389	15896	1.0
1390	15896	1.0
1391	15896	1.0
1392	15896	1.0
1393	15896	1.0
1394	15896	1.0
1395	15896	1.0
1396	15896	1.0
1397	15896	1.0
1398	15896	1.0
1399	15896	1.0
1400	15896	1.0
1401	21227	1.0
1402	1629	1.0
1403	1126	1.0
1404	1126	1.0
1405	13547	1.0
1406	13547	1.0
1407	13547	1.0
1408	13547	1.0
1409	13547	1.0
1410	1199	1.0
1411	1199	1.0
1412	13575	1.0
1413	13547	1.0
1414	19555	1.0
1415	19555	1.0
1416	19555	1.0
1417	19555	1.0
1418	13575	1.0
1419	13575	1.0
1420	13575	1.0
1421	13575	1.0
1422	19555	1.0
1423	19555	1.0
1424	13547	1.0
1425	13547	1.0
1426	1126	1.0
1427	1126	1.0
1428	5014	1.0
1429	0	1.0
1430	1126	1.0
1431	0	1.0
1432	5014	1.0
1433	5014	1.0
1434	5014	1.0
1435	5014	1.0
1436	5014	1.0
1437	13547	1.0
1438	13547	1.0
1439	13547	1.0
1440	0	1.0
1441	0	1.0
1442	0	1.0
1443	13547	1.0
1444	0	1.0
1445	0	1.0
1446	13547	1.0
1447	13547	1.0
1448	0	1.0
1449	13547	1.0
1450	13547	1.0
1451	13547	1.0
1452	0	1.0
1453	0	1.0
1454	0	1.0
1455	5014	1.0
1456	1126	1.0
1457	0	1.0
1458	1126	1.0
1459	1126	1.0
1460	5014	1.0
1461	5014	1.0
1462	1126	1.0
1463	16742	1.0
1464	16742	1.0
1465	0	1.0
1466	1126	1.0
1467	0	1.0
1468	1126	1.0
1469	1126	1.0
1470	0	1.0
1471	0	1.0
1472	0	1.0
1473	1199	1.0
1474	0	1.0
1475	6066	1.0
1476	0	1.0
1477	5014	1.0
1478	5014	1.0
1479	5014	1.0
1480	5014	1.0
1481	5014	1.0
1482	5014	1.0
1483	5014	1.0
1484	5014	1.0
1485	5014	1.0
1486	5014	1.0
1487	5014	1.0
1488	5014	1.0
1489	5014	1.0
1490	5014	1.0
1491	5014	1.0
1492	5014	1.0
1493	5014	1.0
1494	5014	1.0
1495	5014	1.0
1496	5014	1.0
1497	5014	1.0
1498	13547	1.0
1499	13547	1.0
1500	13547	1.0
1501	13547	1.0
1502	6112	1.0
1503	13547	1.0
1504	13547	1.0
1505	13547	1.0
1506	13547	1.0
1507	6112	1.0
1508	6112	1.0
1509	13547	1.0
1510	13547	1.0
1511	13547	1.0
1512	13547	1.0
1513	1126	1.0
1514	1126	1.0
1515	1126	1.0
1516	23450	1.0
1517	1126	1.0
1518	23450	1.0
1519	23450	1.0
1520	23450	1.0
1521	23450	1.0
1522	23450	1.0
1523	0	1.0
1524	5014	1.0
1525	5014	1.0
1526	23450	1.0
1527	23450	1.0
1528	23450	1.0
1529	5014	1.0
1530	1126	1.0
1531	23450	1.0
1532	23450	1.0
1533	23450	1.0
1534	1126	1.0
1535	23450	1.0
1536	0	1.0
1537	0	1.0
1538	1126	1.0
1539	1126	1.0
1540	1126	1.0
1541	1126	1.0
1542	1126	1.0
1543	1126	1.0
1544	1126	1.0
1545	1126	1.0
1546	1126	1.0
1547	1126	1.0
1548	1126	1.0
1549	5014	1.0
1550	1126	1.0
1551	1126	1.0
1552	1126	1.0
1553	1126	1.0
1554	1126	1.0
1555	1126	1.0
1556	1126	1.0
1557	0	1.0
1558	0	1.0
1559	13317	1.0
1560	0	1.0
1561	1126	1.0
1562	1126	1.0
1563	1126	1.0
1564	13547	1.0
1565	13547	1.0
1566	1199	1.0
1567	1126	1.0
1568	1126	1.0
1569	1126	1.0
1570	1126	1.0
1571	1126	1.0
1572	1126	1.0
1573	1126	1.0
1574	1126	1.0
1575	1126	1.0
1576	1126	1.0
1577	1126	1.0
1578	1126	1.0
1579	1126	1.0
1580	1126	1.0
1581	1126	1.0
1582	1126	1.0
1583	1126	1.0
1584	1126	1.0
1585	1126	1.0
1586	24030	1.0
1587	1126	1.0
1588	0	1.0
1589	0	1.0
1590	23450	1.0
1591	23450	1.0
1592	23450	1.0
1593	23450	1.0
1594	12107	1.0
1595	12107	1.0
1596	1126	1.0
1597	15896	1.0
1598	15896	1.0
1599	12107	1.0
1600	1126	1.0
1601	12107	1.0
1602	1126	1.0
1603	12107	1.0
1604	12107	1.0
1605	1126	1.0
1606	1126	1.0
1607	1126	1.0
1608	1126	1.0
1609	15896	1.0
1610	5014	1.0
1611	5014	1.0
1612	1126	1.0
1613	13547	1.0
1614	1126	1.0
1615	6112	1.0
1616	13547	1.0
1617	13547	1.0
1618	1126	1.0
1619	6112	1.0
1620	13547	1.0
1621	1199	1.0
1622	13547	1.0
1623	0	1.0
1624	0	1.0
1625	15896	1.0
1626	15896	1.0
1627	15896	1.0
1628	15896	1.0
1629	15896	1.0
1630	20481	1.0
1631	20481	1.0
1632	15896	1.0
1633	15896	1.0
1634	15896	1.0
1635	15896	1.0
1636	15896	1.0
1637	1126	1.0
1638	1126	1.0
1639	1126	1.0
1640	1199	1.0
1641	5014	1.0
1642	20481	1.0
1643	20481	1.0
1644	20481	1.0
1645	20481	1.0
1646	15896	1.0
1647	1126	1.0
1648	1126	1.0
1649	1126	1.0
1650	1126	1.0
1651	0	1.0
1652	1126	1.0
1653	1126	1.0
1654	1126	1.0
1655	1126	1.0
1656	1126	1.0
1657	5014	1.0
1658	1126	1.0
1659	1126	1.0
1660	1126	1.0
1661	1126	1.0
1662	1126	1.0
1663	1126	1.0
1664	0	1.0
1665	15896	1.0
1666	15896	1.0
1667	15896	1.0
1668	1126	1.0
1669	1126	1.0
1670	1126	1.0
1671	1126	1.0
1672	1126	1.0
1673	1126	1.0
1674	1126	1.0
1675	1126	1.0
1676	1126	1.0
1677	1126	1.0
1678	1126	1.0
1679	1126	1.0
1680	1126	1.0
1681	1126	1.0
1682	1126	1.0
1683	1126	1.0
1684	1126	1.0
1685	17552	1.0
1686	17552	1.0
1687	1126	1.0
1688	1126	1.0
1689	15896	1.0
1690	15896	1.0
1691	1126	1.0
1692	1126	1.0
1693	13547	1.0
1694	13547	1.0
1695	13547	1.0
1696	13547	1.0
1697	13547	1.0
1698	13547	1.0
1699	13547	1.0
1700	13547	1.0
1701	13547	1.0
1702	13547	1.0
1703	13547	1.0
1704	5014	1.0
1705	13547	1.0
1706	13547	1.0
1707	13547	1.0
1708	6112	1.0
1709	5014	1.0
1710	5014	1.0
1711	1126	1.0
1712	1126	1.0
1713	19555	1.0
1714	1126	1.0
1715	1126	1.0
1716	1126	1.0
1717	1126	1.0
1718	19555	1.0
1719	1126	1.0
1720	19555	1.0
1721	1126	1.0
1722	1126	1.0
1723	1126	1.0
1724	1126	1.0
1725	1126	1.0
1726	1126	1.0
1727	0	1.0
1728	0	1.0
1729	0	1.0
1730	0	1.0
1731	0	1.0
1732	1126	1.0
1733	0	1.0
1734	0	1.0
1735	16974	1.0
1736	0	1.0
1737	1126	1.0
1738	1126	1.0
1739	1126	1.0
1740	1126	1.0
1741	1126	1.0
1742	5014	1.0
1743	5014	1.0
1744	5014	1.0
1745	1126	1.0
1746	5014	1.0
1747	5014	1.0
1748	5014	1.0
1749	5014	1.0
1750	5014	1.0
1751	5014	1.0
1752	5014	1.0
1753	5014	1.0
1754	5014	1.0
1755	0	1.0
1756	1126	1.0
1757	1126	1.0
1758	1126	1.0
1759	1126	1.0
1760	1126	1.0
1761	1126	1.0
1762	1126	1.0
1763	1126	1.0
1764	1126	1.0
1765	1126	1.0
1766	1126	1.0
1767	1126	1.0
1768	1126	1.0
1769	1126	1.0
1770	1126	1.0
1771	1126	1.0
1772	0	1.0
1773	0	1.0
1774	0	1.0
1775	0	1.0
1776	0	1.0
1777	1126	1.0
1778	1126	1.0
1779	1126	1.0
1780	1126	1.0
1781	1126	1.0
1782	0	1.0
1783	0	1.0
1784	1126	1.0
1785	0	1.0
1786	0	1.0
1787	1126	1.0
1788	1126	1.0
1789	0	1.0
1790	1126	1.0
1791	1126	1.0
1792	1126	1.0
1793	1126	1.0
1794	1126	1.0
1795	20481	1.0
1796	1126	1.0
1797	1126	1.0
1798	20481	1.0
1799	0	1.0
1800	20481	1.0
1801	5014	1.0
1802	20481	1.0
1803	20481	1.0
1804	20481	1.0
1805	20481	1.0
1806	20481	1.0
1807	20481	1.0
1808	20481	1.0
1809	20481	1.0
1810	20481	1.0
1811	20481	1.0
1812	13547	1.0
1813	13547	1.0
1814	13547	1.0
1815	5014	1.0
1816	5014	1.0
1817	5014	1.0
1818	5014	1.0
1819	5014	1.0
1820	0	1.0
1821	0	1.0
1822	0	1.0
1823	0	1.0
1824	23824	1.0
1825	6046	1.0
1826	6046	1.0
1827	6046	1.0
1828	23824	1.0
1829	6046	1.0
1830	1126	1.0
1831	1126	1.0
1832	1126	1.0
1833	0	1.0
1834	0	1.0
1835	0	1.0
1836	0	1.0
1837	0	1.0
1838	0	1.0
1839	0	1.0
1840	1088	1.0
1841	1088	1.0
1842	13547	1.0
1843	1088	1.0
1844	1088	1.0
1845	1088	1.0
1846	1126	1.0
1847	1088	1.0
1848	13547	1.0
1849	1126	1.0
1850	1126	1.0
1851	1088	1.0
1852	1088	1.0
1853	20481	1.0
1854	1126	1.0
1855	1126	1.0
1856	1126	1.0
1857	1126	1.0
1858	1126	1.0
1859	1126	1.0
1860	1126	1.0
1861	1126	1.0
1862	1126	1.0
1863	1126	1.0
1864	1126	1.0
1865	1126	1.0
1866	1126	1.0
1867	1126	1.0
1868	1126	1.0
1869	1126	1.0
1870	1126	1.0
1871	1126	1.0
1872	1126	1.0
1873	1126	1.0
1874	13547	1.0
1875	5014	1.0
1876	13547	1.0
1877	13547	1.0
1878	13547	1.0
1879	13547	1.0
1880	13547	1.0
1881	13547	1.0
1882	13547	1.0
1883	13547	1.0
1884	1126	1.0
1885	1126	1.0
1886	18917	1.0
1887	1126	1.0
1888	1126	1.0
1889	1126	1.0
1890	18917	1.0
1891	1126	1.0
1892	0	1.0
1893	1126	1.0
1894	1126	1.0
1895	1126	1.0
1896	1126	1.0
1897	1126	1.0
1898	1126	1.0
1899	1126	1.0
1900	1126	1.0
1901	1126	1.0
1902	1126	1.0
1903	1126	1.0
1904	1126	1.0
1905	1126	1.0
1906	1126	1.0
1907	1126	1.0
1908	1126	1.0
1909	1126	1.0
1910	1126	1.0
1911	1126	1.0
1912	1126	1.0
1913	1126	1.0
1914	1126	1.0
1915	1126	1.0
1916	1126	1.0
1917	1126	1.0
1918	5014	1.0
1919	5014	1.0
1920	5014	1.0
1921	5014	1.0
1922	5014	1.0
1923	5014	1.0
1924	5014	1.0
1925	5014	1.0
1926	5014	1.0
1927	1126	1.0
1928	5014	1.0
1929	5014	1.0
1930	5014	1.0
1931	0	1.0
1932	1126	1.0
1933	1126	1.0
1934	1126	1.0
1935	1126	1.0
1936	1126	1.0
1937	1126	1.0
1938	0	1.0
1939	1126	1.0
1940	1126	1.0
1941	1126	1.0
1942	1126	1.0
1943	1126	1.0
1944	5014	1.0
1945	5014	1.0
1946	1126	1.0
1947	1126	1.0
1948	1126	1.0
1949	1126	1.0
1950	1126	1.0
1951	1126	1.0
1952	1126	1.0
1953	1126	1.0
1954	1126	1.0
1955	1126	1.0
1956	1126	1.0
1957	1126	1.0
1958	1126	1.0
1959	1126	1.0
1960	1126	1.0
1961	0	1.0
1962	5014	1.0
1963	5014	1.0
1964	5014	1.0
1965	1126	1.0
1966	1126	1.0
1967	13547	1.0
1968	13547	1.0
1969	13547	1.0
1970	11054	1.0
1971	15896	1.0
1972	15896	1.0
1973	0	1.0
1974	18917	1.0
1975	1126	1.0
1976	1126	1.0
1977	1126	1.0
1978	1126	1.0
1979	1126	1.0
1980	1126	1.0
1981	1126	1.0
1982	1126	1.0
1983	1126	1.0
1984	1126	1.0
1985	1126	1.0
1986	1126	1.0
1987	1126	1.0
1988	1126	1.0
1989	1126	1.0
1990	1126	1.0
1991	1126	1.0
1992	5014	1.0
1993	5014	1.0
1994	5014	1.0
1995	15896	1.0
1996	15896	1.0
1997	15896	1.0
1998	1126	1.0
1999	1126	1.0
2000	1126	1.0
2001	1126	1.0
2002	1126	1.0
2003	1126	1.0
2004	1126	1.0
2005	1126	1.0
2006	1126	1.0
2007	1126	1.0
2008	1126	1.0
2009	1126	1.0
2010	1126	1.0
2011	1126	1.0
2012	1126	1.0
2013	1126	1.0
2014	1126	1.0
2015	1126	1.0
2016	1126	1.0
2017	1126	1.0
2018	1126	1.0
2019	1126	1.0
2020	1126	1.0
2021	1126	1.0
2022	1126	1.0
2023	1126	1.0
2024	1126	1.0
2025	1126	1.0
2026	1126	1.0
2027	1126	1.0
2028	1126	1.0
2029	1126	1.0
2030	1126	1.0
2031	1126	1.0
2032	1126	1.0
2033	1126	1.0
2034	1126	1.0
2035	1126	1.0
2036	1126	1.0
2037	1126	1.0
2038	1126	1.0
2039	1126	1.0
2040	1126	1.0
2041	1126	1.0
2042	23556	1.0
2043	23556	1.0
2044	12107	1.0
2045	12107	1.0
2046	12107	1.0
2047	12107	1.0
2048	12107	1.0
2049	0	1.0
2050	12107	1.0
2051	12107	1.0
2052	0	1.0
2053	0	1.0
2054	12107	1.0
2055	12107	1.0
2056	1126	1.0
2057	1126	1.0
2058	17595	1.0
2059	17595	1.0
2060	17595	1.0
2061	17595	1.0
2062	17595	1.0
2063	17595	1.0
2064	1126	1.0
2065	1126	1.0
2066	0	1.0
2067	1126	1.0
2068	1126	1.0
2069	1126	1.0
2070	1126	1.0
2071	1126	1.0
2072	0	1.0
2073	0	1.0
2074	1126	1.0
2075	1126	1.0
2076	1126	1.0
2077	0	1.0
2078	1126	1.0
2079	5190	1.0
2080	1126	1.0
2081	1126	1.0
2082	1126	1.0
2083	1126	1.0
2084	1126	1.0
2085	0	1.0
2086	0	1.0
2087	20481	1.0
2088	20481	1.0
2089	20481	1.0
2090	20481	1.0
2091	20481	1.0
2092	20481	1.0
2093	20481	1.0
2094	20481	1.0
2095	20481	1.0
2096	20481	1.0
2097	20481	1.0
2098	23824	1.0
2099	1126	1.0
2100	23824	1.0
2101	23824	1.0
2102	23824	1.0
2103	23824	1.0
2104	23824	1.0
2105	23824	1.0
2106	0	1.0
2107	1126	1.0
2108	1126	1.0
2109	23824	1.0
2110	23824	1.0
2111	13575	1.0
2112	13547	1.0
2113	13547	1.0
2114	13547	1.0
2115	13547	1.0
2116	0	1.0
2117	13547	1.0
2118	0	1.0
2119	0	1.0
2120	13575	1.0
2121	13575	1.0
2122	5014	1.0
2123	5014	1.0
2124	0	1.0
2125	0	1.0
2126	20481	1.0
2127	20481	1.0
2128	20481	1.0
2129	20481	1.0
2130	20481	1.0
2131	1126	1.0
2132	1126	1.0
2133	1126	1.0
2134	1126	1.0
2135	1126	1.0
2136	1126	1.0
2137	1126	1.0
2138	5014	1.0
2139	5014	1.0
2140	5014	1.0
2141	1126	1.0
2142	5014	1.0
2143	1126	1.0
2144	5014	1.0
2145	5014	1.0
2146	5014	1.0
2147	5014	1.0
2148	5014	1.0
2149	1126	1.0
2150	5014	1.0
2151	5014	1.0
2152	5014	1.0
2153	5014	1.0
2154	5014	1.0
2155	5014	1.0
2156	1126	1.0
2157	1126	1.0
2158	1126	1.0
2159	1126	1.0
2160	1126	1.0
2161	0	1.0
2162	0	1.0
2163	0	1.0
2164	1126	1.0
2165	1199	1.0
2166	1199	1.0
2167	1126	1.0
2168	1126	1.0
2169	1126	1.0
2170	1126	1.0
2171	1199	1.0
2172	0	1.0
2173	1126	1.0
2174	1199	1.0
2175	1199	1.0
2176	1199	1.0
2177	1126	1.0
2178	1126	1.0
2179	1126	1.0
2180	1126	1.0
2181	1126	1.0
2182	5014	1.0
2183	5014	1.0
2184	5014	1.0
2185	5014	1.0
2186	5014	1.0
2187	5014	1.0
2188	20481	1.0
2189	20481	1.0
2190	0	1.0
2191	0	1.0
2192	0	1.0
2193	1126	1.0
2194	1126	1.0
2195	1126	1.0
2196	1126	1.0
2197	1126	1.0
2198	1126	1.0
2199	1126	1.0
2200	1126	1.0
2201	1126	1.0
2202	1126	1.0
2203	1126	1.0
2204	1126	1.0
2205	1126	1.0
2206	1126	1.0
2207	19555	1.0
2208	19555	1.0
2209	19555	1.0
2210	19555	1.0
2211	19555	1.0
2212	19555	1.0
2213	19555	1.0
2214	5014	1.0
2215	1126	1.0
2216	1126	1.0
2217	1126	1.0
2218	1126	1.0
2219	15896	1.0
2220	15896	1.0
2221	15896	1.0
2222	15896	1.0
2223	0	1.0
2224	6112	1.0
2225	6112	1.0
2226	6112	1.0
2227	1199	1.0
2228	1199	1.0
2229	5014	1.0
2230	6112	1.0
2231	6112	1.0
2232	6112	1.0
2233	5014	1.0
2234	5014	1.0
2235	6112	1.0
2236	6112	1.0
2237	6112	1.0
2238	6112	1.0
2239	6112	1.0
2240	5014	1.0
2241	13547	1.0
2242	13575	1.0
2243	0	1.0
2244	13547	1.0
2245	13547	1.0
2246	13547	1.0
2247	0	1.0
2248	22012	1.0
2249	0	1.0
2250	0	1.0
2251	0	1.0
2252	0	1.0
2253	5014	1.0
2254	5014	1.0
2255	5014	1.0
2256	5014	1.0
2257	1126	1.0
2258	1126	1.0
2259	23451	1.0
2260	0	1.0
2261	20481	1.0
2262	20481	1.0
2263	20481	1.0
2264	20481	1.0
2265	20481	1.0
2266	20481	1.0
2267	20481	1.0
2268	20481	1.0
2269	20481	1.0
2270	20481	1.0
2271	20481	1.0
2272	20481	1.0
2273	20481	1.0
2274	20481	1.0
2275	20481	1.0
2276	20481	1.0
2277	20481	1.0
2278	20481	1.0
2279	20481	1.0
2280	20481	1.0
2281	1126	1.0
2282	1126	1.0
2283	1126	1.0
2284	1126	1.0
2285	0	1.0
2286	13547	1.0
2287	13547	1.0
2288	13547	1.0
2289	13547	1.0
2290	1126	1.0
2291	23451	1.0
2292	23451	1.0
2293	23451	1.0
2294	23451	1.0
2295	1199	1.0
2296	1199	1.0
2297	1199	1.0
2298	1199	1.0
2299	1199	1.0
2300	5014	1.0
2301	0	1.0
2302	0	1.0
2303	1199	1.0
2304	5014	1.0
2305	27140	1.0
2306	5014	1.0
2307	1126	1.0
2308	1126	1.0
2309	1126	1.0
2310	0	1.0
2311	1126	1.0
2312	5014	1.0
2313	5014	1.0
2314	5014	1.0
2315	1126	1.0
2316	1126	1.0
2317	1126	1.0
2318	1126	1.0
2319	1126	1.0
2320	1126	1.0
2321	5014	1.0
2322	8809	1.0
2323	5014	1.0
2324	1126	1.0
2325	5014	1.0
2326	1126	1.0
2327	1126	1.0
2328	1126	1.0
2329	1126	1.0
2330	1126	1.0
2331	1126	1.0
2332	1126	1.0
2333	1126	1.0
2334	1126	1.0
2335	1126	1.0
2336	1126	1.0
2337	12107	1.0
2338	1126	1.0
2339	1126	1.0
2340	1126	1.0
2341	12107	1.0
2342	1126	1.0
2343	23450	1.0
2344	1126	1.0
2345	1126	1.0
2346	1126	1.0
2347	1126	1.0
2348	1126	1.0
2349	1126	1.0
2350	1126	1.0
2351	1126	1.0
2352	1126	1.0
2353	16742	1.0
2354	13547	1.0
2355	1126	1.0
2356	1126	1.0
2357	16742	1.0
2358	16742	1.0
2359	16742	1.0
2360	1126	1.0
2361	1126	1.0
2362	1126	1.0
2363	1126	1.0
2364	5014	1.0
2365	5014	1.0
2366	1126	1.0
2367	5014	1.0
2368	5014	1.0
2369	5014	1.0
2370	1126	1.0
2371	1126	1.0
2372	1126	1.0
2373	1126	1.0
2374	5014	1.0
2375	0	1.0
2376	0	1.0
2377	5014	1.0
2378	5014	1.0
2379	5014	1.0
2380	5014	1.0
2381	5014	1.0
2382	1199	1.0
2383	1126	1.0
2384	1199	1.0
2385	0	1.0
2386	0	1.0
2387	0	1.0
2388	0	1.0
2389	0	1.0
2390	1126	1.0
2391	0	1.0
2392	13547	1.0
2393	1126	1.0
2394	1126	1.0
2395	1263	1.0
2396	1263	1.0
2397	1126	1.0
2398	1126	1.0
2399	1199	1.0
2400	1199	1.0
2401	1126	1.0
2402	1126	1.0
2403	1126	1.0
2404	1126	1.0
2405	1126	1.0
2406	1126	1.0
2407	1199	1.0
2408	1126	1.0
2409	1126	1.0
2410	1126	1.0
2411	1126	1.0
2412	1126	1.0
2413	0	1.0
2414	0	1.0
2415	1126	1.0
2416	1126	1.0
2417	1126	1.0
2418	1126	1.0
2419	1126	1.0
2420	1126	1.0
2421	1126	1.0
2422	1126	1.0
2423	13547	1.0
2424	13547	1.0
2425	16974	1.0
2426	0	1.0
2427	0	1.0
2428	1126	1.0
2429	1126	1.0
2430	1126	1.0
2431	0	1.0
2432	0	1.0
2433	1126	1.0
2434	1199	1.0
2435	14982	1.0
2436	1126	1.0
2437	1126	1.0
2438	0	1.0
2439	1126	1.0
2440	1126	1.0
2441	1126	1.0
2442	5014	1.0
2443	1126	1.0
2444	1126	1.0
2445	1126	1.0
2446	1126	1.0
2447	12107	1.0
2448	5014	1.0
2449	1126	1.0
2450	1126	1.0
2451	5014	1.0
2452	5014	1.0
2453	0	1.0
2454	5014	1.0
2455	5014	1.0
2456	1126	1.0
2457	1126	1.0
2458	1126	1.0
2459	1126	1.0
2460	1126	1.0
2461	5014	1.0
2462	5014	1.0
2463	5014	1.0
2464	1126	1.0
2465	5014	1.0
2466	5014	1.0
2467	1126	1.0
2468	1126	1.0
2469	5014	1.0
2470	1126	1.0
2471	1126	1.0
2472	1126	1.0
2473	1126	1.0
2474	1126	1.0
2475	1126	1.0
2476	1126	1.0
2477	1126	1.0
2478	0	1.0
2479	1126	1.0
2480	1126	1.0
2481	1126	1.0
2482	1126	1.0
2483	1126	1.0
2484	0	1.0
2485	0	1.0
2486	0	1.0
2487	0	1.0
2488	5014	1.0
2489	5014	1.0
2490	5014	1.0
2491	5014	1.0
2492	0	1.0
2493	0	1.0
2494	0	1.0
2495	5014	1.0
2496	0	1.0
2497	5014	1.0
2498	5014	1.0
2499	5014	1.0
2500	0	1.0
2501	0	1.0
2502	0	1.0
2503	5014	1.0
2504	5014	1.0
2505	0	1.0
2506	5014	1.0
2507	1126	1.0
2508	1126	1.0
2509	1126	1.0
2510	1126	1.0
2511	1126	1.0
2512	1126	1.0
2513	1126	1.0
2514	1126	1.0
2515	1126	1.0
2516	1126	1.0
2517	15896	1.0
2518	1126	1.0
2519	1126	1.0
2520	1126	1.0
2521	1126	1.0
2522	1126	1.0
2523	1126	1.0
2524	13547	1.0
2525	13547	1.0
2526	13575	1.0
2527	5014	1.0
2528	13547	1.0
2529	1126	1.0
2530	1126	1.0
2531	5014	1.0
2532	5014	1.0
2533	1126	1.0
2534	1126	1.0
2535	1126	1.0
2536	1126	1.0
2537	13547	1.0
2538	1126	1.0
2539	1126	1.0
2540	1126	1.0
2541	13547	1.0
2542	13547	1.0
2543	23451	1.0
2544	23451	1.0
2545	23451	1.0
2546	23451	1.0
2547	1126	1.0
2548	484	1.0
2549	1126	1.0
2550	1126	1.0
2551	1126	1.0
2552	1126	1.0
2553	1126	1.0
2554	1629	1.0
2555	1629	1.0
2556	1629	1.0
2557	1629	1.0
2558	1126	1.0
2559	1126	1.0
2560	1629	1.0
2561	1629	1.0
2562	13547	1.0
2563	13547	1.0
2564	1126	1.0
2565	1126	1.0
2566	1126	1.0
2567	1126	1.0
2568	20481	1.0
2569	20481	1.0
2570	0	1.0
2571	5014	1.0
2572	15896	1.0
2573	5014	1.0
2574	5014	1.0
2575	5014	1.0
2576	5014	1.0
2577	5014	1.0
2578	5014	1.0
2579	5014	1.0
2580	5014	1.0
2581	5014	1.0
2582	5014	1.0
2583	5014	1.0
2584	5014	1.0
2585	5014	1.0
2586	5014	1.0
2587	5014	1.0
2588	5014	1.0
2589	5014	1.0
2590	5014	1.0
2591	5014	1.0
2592	5014	1.0
2593	1126	1.0
2594	1126	1.0
2595	1126	1.0
2596	1126	1.0
2597	5014	1.0
2598	5014	1.0
2599	5014	1.0
2600	1126	1.0
2601	1126	1.0
2602	5014	1.0
2603	1126	1.0
2604	1126	1.0
2605	1126	1.0
2606	1126	1.0
2607	5014	1.0
2608	5014	1.0
2609	5014	1.0
2610	5014	1.0
2611	5014	1.0
2612	1126	1.0
2613	1126	1.0
2614	5014	1.0
2615	1126	1.0
2616	5014	1.0
2617	5014	1.0
2618	1126	1.0
2619	1126	1.0
2620	1126	1.0
2621	1126	1.0
2622	1126	1.0
2623	1126	1.0
2624	1126	1.0
2625	1126	1.0
2626	1126	1.0
2627	1126	1.0
2628	1126	1.0
2629	1126	1.0
2630	1126	1.0
2631	1126	1.0
2632	5014	1.0
2633	1126	1.0
2634	1126	1.0
2635	1126	1.0
2636	1126	1.0
2637	1126	1.0
2638	1126	1.0
2639	1126	1.0
2640	5014	1.0
2641	1126	1.0
2642	1126	1.0
2643	1126	1.0
2644	1126	1.0
2645	1126	1.0
2646	1126	1.0
2647	1126	1.0
2648	1126	1.0
2649	1126	1.0
2650	1126	1.0
2651	1126	1.0
2652	1126	1.0
2653	1126	1.0
2654	1126	1.0
2655	1126	1.0
2656	1126	1.0
2657	1126	1.0
2658	1126	1.0
2659	1126	1.0
2660	1126	1.0
2661	1126	1.0
2662	1126	1.0
2663	1126	1.0
2664	1126	1.0
2665	1126	1.0
2666	0	1.0
2667	1126	1.0
2668	1126	1.0
2669	1126	1.0
2670	1126	1.0
2671	1126	1.0
2672	5014	1.0
2673	5014	1.0
2674	5014	1.0
2675	1126	1.0
2676	5014	1.0
2677	5014	1.0
2678	5014	1.0
2679	5014	1.0
2680	5014	1.0
2681	5014	1.0
2682	5014	1.0
2683	5014	1.0
2684	5014	1.0
2685	5014	1.0
2686	5014	1.0
2687	23450	1.0
2688	23450	1.0
2689	1126	1.0
2690	16974	1.0
2691	16974	1.0
2692	13547	1.0
2693	13547	1.0
2694	13547	1.0
2695	13547	1.0
2696	13547	1.0
2697	0	1.0
2698	13547	1.0
2699	0	1.0
2700	0	1.0
2701	0	1.0
2702	0	1.0
2703	0	1.0
2704	23451	1.0
2705	1126	1.0
2706	1126	1.0
2707	1126	1.0
2708	1126	1.0
2709	1126	1.0
2710	1126	1.0
2711	1126	1.0
2712	5014	1.0
2713	1126	1.0
2714	1126	1.0
2715	1126	1.0
2716	1126	1.0
